1층
(-2.25, 2.5, 1.5, 2, 4)
(-3.5, -1.5, 1, 14, 1)
(-2.25, 0.25, 1.5, 2.5, 4)
(-2.25, -2, 1.5, 2, 4)
(-2.25, -3.75, 1.5, 1.5, 4)
(-2.25, -5.5, 1.5, 2, 4)
(-4.75, -2.75, 1.5, 3, 3)
(-1.75, -7, 2.5, 1, 1)
(-2.25, -8, 1.5, 1, 2)
(-1.75, 4, 2.5, 1, 1)
(-2.25, 5, 1.5, 1, 2)
(0, -2, 1, 17, 1)
(0, 0, 1, 1, 0)
(0, 7.75, 1, 2.5, 1)
(12.5, 9.5, 28, 1, 1)
(1.75, 8.25, 2.5, 1.5, 4)
(5.5, 8.25, 5, 1.5, 4)
(9.5, 8.25, 3, 1.5, 4)
(12.5, 8.25, 3, 1.5, 1)
(15.5, 8.25, 3, 1.5, 4)
(18.25, 8.25, 2.5, 1.5, 4)
(20.75, 8.25, 2.5, 1.5, 4)
(23.25, 8.25, 2.5, 1.5, 4)
(26, 7.5, 1, 3, 1)
(25, 8.25, 1, 1.5, 2)
(-1, 8.25, 1, 1.5, 2)
(27.75, 8.75, 2.5, 2.5, 4)
(-2.75, 8.75, 2.5, 2.5, 4)
(12.5, 10.75, 1, 1.5, 2)
(9.75, 10.75, 4.5, 1.5, 3)
(6.75, 10.75, 1.5, 1.5, 4)
(14, 10.75, 2, 1.5, 4)
(15.75, 10.75, 1.5, 1.5, 3)
(24, -2.25, 1, 16.5, 1)
(25.5, 5.5, 2, 1, 1)
(27.25, 3.5, 1.5, 1, 2)
(26.25, -3.25, 3.5, 12.5, 4)
(25.5, 3.5, 2, 1, 1)
(12, -11, 25, 1, 1)
(0, 11.25, 1, 2.5, 1)
(1.5, 14.75, 8.5, 4.5, 4)
(12, 5.5, 23, 1, 1)
(12.5, 6.75, 1, 1.5, 1)

2층
(-2.25, 2.5, 1.5, 2, 4)
(-3.5, -1.25, 1, 14.5, 1)
(-4.75, -2.75, 1.5, 3, 3)
(-2.25, -8, 1.5, 1, 2)
(-2.25, 5, 1.5, 1, 2)
(0, 0, 1, 1, 0)
(0, 8, 1, 2, 1)
(12.5, 9.5, 28, 1, 1)
(1.75, 8.25, 2.5, 1.5, 4)
(9.5, 8.25, 3, 1.5, 4)
(11.75, 8.25, 1.5, 1.5, 4)
(15.25, 8.25, 3.5, 1.5, 4)
(25, 8.25, 1, 1.5, 2)
(-1, 8.25, 1, 1.5, 2)
(27.75, 8.75, 2.5, 2.5, 4)
(-2.75, 8.75, 2.5, 2.5, 4)
(12.5, 10.75, 1, 1.5, 2)
(9.75, 10.75, 4.5, 1.5, 3)
(14, 10.75, 2, 1.5, 4)
(15.75, 10.75, 1.5, 1.5, 3)
(27.25, 3.5, 1.5, 1, 2)
(26.25, -3.25, 3.5, 12.5, 4)
(25.5, 3.5, 2, 1, 1)
(-2.25, 0.5, 1.5, 2, 4)
(-2.25, -1.5, 1.5, 2, 4)
(-2.25, -3.5, 1.5, 2, 4)
(-2.25, -5.5, 1.5, 2, 4)
(-2.25, 4, 1.5, 1, 2)
(-2.25, -7, 1.5, 1, 2)
(-1.75, 6.5, 4.5, 1, 1)
(13, 8.25, 1, 1.5, 4)
(23.25, 8.25, 2.5, 1.5, 4)
(26, 8.25, 1, 1.5, 2)
(4.25, 8.25, 2.5, 1.5, 4)
(6.75, 8.25, 2.5, 1.5, 4)
(20.75, 8.25, 2.5, 1.5, 4)
(18.25, 8.25, 2.5, 1.5, 4)

3층
(-2.25, 2.5, 1.5, 2, 4)
(-3.5, -1.5, 1, 14, 1)
(-4.75, -2.75, 1.5, 3, 3)
(-2.25, -8, 1.5, 1, 2)
(-2.25, 5, 1.5, 1, 2)
(0, 0, 1, 1, 0)
(12.5, 9.5, 28, 1, 1)
(1.75, 8.25, 2.5, 1.5, 4)
(25, 8.25, 1, 1.5, 2)
(-1, 8.25, 1, 1.5, 2)
(27.75, 8.75, 2.5, 2.5, 4)
(-2.75, 8.75, 2.5, 2.5, 4)
(12.5, 10.75, 1, 1.5, 2)
(9.75, 10.75, 4.5, 1.5, 3)
(14, 10.75, 2, 1.5, 4)
(15.75, 10.75, 1.5, 1.5, 3)
(27.25, 3.5, 1.5, 1, 2)
(26.25, -3.25, 3.5, 12.5, 4)
(25.5, 3.5, 2, 1, 1)
(-2.25, 0.5, 1.5, 2, 4)
(-2.25, -1.5, 1.5, 2, 4)
(-2.25, -3, 1.5, 1, 4)
(-2.25, -5, 1.5, 3, 4)
(-2.25, 4, 1.5, 1, 2)
(-2.25, -7, 1.5, 1, 2)
(26, 8.25, 1, 1.5, 2)
(4.25, 8.25, 2.5, 1.5, 4)
(6.75, 8.25, 2.5, 1.5, 4)
(20.75, 8.25, 2.5, 1.5, 4)
(18, 8.25, 3, 1.5, 4)
(9.25, 8.25, 2.5, 1.5, 4)
(12, 8.25, 3, 1.5, 4)
(15, 8.25, 3, 1.5, 4)
(23.25, 8.25, 2.5, 1.5, 1)
(0, 8.25, 1, 1.5, 2)
(24, 5.25, 1, 4.5, 1)

4층
(-2.25, 2.5, 1.5, 2, 4)
(-3.5, -1.5, 1, 14, 1)
(-4.75, -2.75, 1.5, 3, 3)
(-2.25, -8, 1.5, 1, 2)
(-2.25, 5, 1.5, 1, 2)
(0, 0, 1, 1, 0)
(12.5, 9.5, 28, 1, 1)
(1.75, 8.25, 2.5, 1.5, 4)
(25, 8.25, 1, 1.5, 2)
(-1, 8.25, 1, 1.5, 2)
(27.75, 8.75, 2.5, 2.5, 4)
(-2.75, 8.75, 2.5, 2.5, 4)
(12.5, 10.75, 1, 1.5, 2)
(9.75, 10.75, 4.5, 1.5, 3)
(14, 10.75, 2, 1.5, 4)
(15.75, 10.75, 1.5, 1.5, 3)
(27.25, 3.5, 1.5, 1, 2)
(26.25, -3.25, 3.5, 12.5, 4)
(25.5, 3.5, 2, 1, 1)
(-2.25, 0.5, 1.5, 2, 4)
(-2.25, -1.5, 1.5, 2, 4)
(-2.25, 4, 1.5, 1, 2)
(-2.25, -7, 1.5, 1, 2)
(26, 8.25, 1, 1.5, 2)
(4.25, 8.25, 2.5, 1.5, 4)
(6.75, 8.25, 2.5, 1.5, 4)
(20.75, 8.25, 2.5, 1.5, 4)
(15.5, 8.25, 3, 1.5, 4)
(9.25, 8.25, 2.5, 1.5, 4)
(18.25, 8.25, 2.5, 1.5, 4)
(23.25, 8.25, 2.5, 1.5, 4)
(0, 8.25, 1, 1.5, 2)
(12.25, 8.25, 3.5, 1.5, 4)
(-2.25, -3.5, 1.5, 2, 4)
(-2.25, -5.5, 1.5, 2, 4)

5층
(-2.25, 2.5, 1.5, 2, 4)
(-3.5, -1.5, 1, 14, 1)
(-4.75, -2.75, 1.5, 3, 3)
(-2.25, -8, 1.5, 1, 2)
(-2.25, 5, 1.5, 1, 2)
(0, 0, 1, 1, 0)
(-2.25, 0.5, 1.5, 2, 4)
(-2.25, -1.5, 1.5, 2, 4)
(-2.25, 4, 1.5, 1, 2)
(-2.25, -7, 1.5, 1, 2)
(-2.25, -3.5, 1.5, 2, 4)
(-2.25, -5.5, 1.5, 2, 4)